0040   07 02 01 00 00 00 00 00 55 a4 bb 00 00 a7 a6 bc
0050   00 00 a5 a8 b9 00 00 ab aa 00 00 00 00 00 00 00
0060   00 a9 a4 bb 00 00 a7 a6 bc 00 00 a5 a8 b9 00 00
0070   ab aa 00 00 00 00 00 00 00 00 ff ff 00 00 00 00
0080   ff ff 00 00 00 00 00 00 00 00 ff 00 00 00 00 00
0090   00 00 00 00 45 ff 00 00 ff ff ff 00 00 00 00 00
00a0   00 00 00 00 00 00 00 00 00 00 00 00 00 00 00 00
00b0   00 ff 00 ff 00 00 00 ff 00 00 00 00 ff 00 00 00
00c0   00 00 00 00 00 05 04 00 ff ff ff 01 00 05 00 00
00d0   00 00 00 00 00 00 00 00 00 00 00 00 00 00 00 00
00e0   c0 06 00 10 a2 04 00 10 b4 04 00 10 0d 01 00 10
00f0   02 00 00 00 53 3a 00 00 00 00 1d 00 54 09 00 10
0100   c0 06 00 10 00 00 00 00 3c 06 00 10 4f 4b 00 00
0110   00 00 00 00 00 00 00 00 00 00 00 00 00 00 00 00
0120   00 00 00 00 00 00 00 00 00 00 00 00 00 00 00 00
0130   00 00 00 00 00 00 00 00 00 00 00 00 00 00 00 00
0140   00 00 00 00 00 00 00 00

